8843542
8810239
8774691
8753807
8711834
8683031
8680488
8627598
8568007
8434915
8432316
8401342
8351632
8251679
8063350
7990089
7985366
7970886
7969759
7934264
7931628
7925807
7923328
7894775
7876991
7862841
7861646
7837563
7832378
7829819
7816092
7812525
7789761
7740605
7719563
7718605
7714917
7708587
7707773
7382327
7030643
7006240
6976172
6969364
6966526
6965327
6962912
6960363
6952193
6951296
6943118
6938121
6937686
6937607
6931429
6930167
6929228
6928465
6922486
6918724
6892224
6886972
6721690
6115164
5460117
5402540
5376694
5356561
5339183
5332503
5332452
4646023
4622289
4587781
4580139
4480004
4464317
4451545
4448813
4442235
4439604
4438111
4426485
4421111
4418082
4377618
4371230
4104529
3917962
3917496
3917118
3858501
3789094
3787311
3678236
3677491
3624320
3624303
3624067
3622418
3614641
3606482
3603761
3599015
3596831
3579455
3577501
3564715
3560200
3560194
3558675
3558669
3548328
3534345
3484659
3361693
3361639
3361631
3360589
3321322
3315653
3295749
3217639
3203677
3103412
3062261
3058685
3044920
3021099
2966283
2957509
2924502
2923644
2904335
2856282
2852012
2841887
2464285
2457234
2456804
2439395
2435592
2417650
2398550
2398519
2395060
2394115
2386536
2351480
2339923
2339853
2244316
2096533
2067456
2063464
2055768
2053744
2037869
2037106
2025970
2021326
2020876
2020834
2017398
2016840
2014981
2004731
1999831
1990233
1962551
1962547
1929377
1929323
1907465
1906512
1898895
1891018
1880334
1879037
1878008
1875035
1864028
1861850
1849605
1845531
1842488
1842448
1835778
1835746
1817189
1806570
1804069
1803655
1801217
1796567
1791306
1791291
1791209
1790944
1790332
1790232
1790207
1790203
1790199
1789806
1789561
1789538
1769991
1769335
1768115
1768005
1765882
1765533
1748022
1733341
1726645
1726568
1722410
1698335
1698331
1698327
1696927
1695913
1675583
1672156
1672028
1668851
1666914
1666038
1665836
1664873
1664730
1663325
1639699
1637582
1618360
1612282
1603550
1596739
1596619
1591156
1589862
1583040
1577725
1575997
1566674
1446417
1442070
1437284
1425318
1425314
1423186
1421786
1421259
1413039
1404703
1404595
1404333
1402339
1402317
1402084
1401947
1217480
1043457
1043286
1042425
1042421
1042417
1042407
1042403
1042255
1042245
1039806
1026407
1026403
1026399
1026395
1026391
1026387
1026383
1026379
1026375
1026371
1026367
1026363
1026359
1026355