8843545
8810242
8774694
8753810
8711837
8683034
8680491
8627604
8434918
8401352
8351635
8251683
8063354
7990092
7985369
7970889
7969762
7934267
7931631
7925810
7923331
7894778
7876996
7861649
7837566
7832381
7829822
7816095
7812528
7740612
7719566
7718608
7714920
7708590
7707776
7382330
7030646
7006243
6976175
6969367
6966529
6965331
6962915
6960366
6952196
6951299
6943121
6938124
6937689
6937610
6931432
6930170
6929231
6928468
6922489
6918728
6892227
6886975
6721696
6115167
5376699
5356565
5339186
5332506
4622292
4587784
4580142
4480007
4464320
4451552
4448817
4442238
4439607
4438114
4426489
4421114
4418085
4377625
4371238
4104532
3917965
3917499
3917121
3858504
3789097
3787316
3678239
3677494
3624323
3624307
3624070
3622421
3614644
3606485
3603764
3599018
3596834
3579458
3577504
3564718
3560203
3560197
3558678
3558672
3548335
3534348
3484662
3361696
3360592
3321325
3315656
3295763
3217642
3203680
3103415
3062264
3058688
3044923
3021102
2966286
2957512
2924505
2923647
2904338
2856285
2852015
2841890
2464287
2457236
2456806
2439397
2435594
2417652
2398552
2398521
2395062
2394117
2386538
2351482
2339925
2339855
2244318
2096536
2067458
2063466
2055770
2053746
2037871
2037108
2025972
2021328
2020878
2020836
2017400
2016842
2014983
2004733
1999833
1990235
1962553
1962549
1929379
1929325
1907467
1906514
1898897
1891020
1880336
1879039
1878010
1875037
1864030
1861852
1849607
1845533
1842490
1842450
1835780
1835748
1817191
1806572
1804071
1803657
1801219
1796569
1791308
1791293
1791211
1790946
1790334
1790234
1790209
1790205
1790201
1789808
1789563
1789540
1769993
1769337
1768117
1768007
1765884
1765535
1748024
1733343
1726647
1726570
1722412
1698337
1698333
1698329
1696929
1695915
1675585
1672158
1672030
1668853
1666916
1666040
1665838
1664875
1664732
1663327
1639701
1637584
1618362
1612284
1603552
1596741
1596621
1591158
1589864
1583042
1577727
1575999
1566676
1446419
1442072
1437286
1425320
1425316
1423188
1421788
1421261
1413041
1404705
1404597
1404335
1402341
1402319
1402086
1401949
1217483
1043459
1043288
1042427
1042423
1042419
1042409
1042405
1042257
1042247
1039808
1026409
1026405
1026401
1026397
1026393
1026389
1026385
1026381
1026373
1026377
1026369
1026365
1026361
1026357